000000 0000
000001 1100
000010 1110
000011 1001
000100 0110
000101 0000
000110 0011
000111 1110
001000 0101
001001 0110
001010 1000
001011 0101
001100 1001
001101 1111
001110 0100
001111 0011
010000 1010
010001 0111
010010 0111
010011 0010
010100 0001
010101 1101
010110 1101
010111 1000
011000 1111
011001 0001
011010 0010
011011 1011
011100 1100
011101 1010
011110 1011
011111 0100
100000 0110
100001 1001
100010 0000
100011 1010
100100 0011
100101 1110
100110 1001
100111 0101
101000 1000
101001 0011
101010 1111
101011 1100
101100 0101
101101 0000
101110 1010
101111 1111
110000 1101
110001 0100
110010 1011
110011 1101
110100 1110
110101 0010
110110 0111
110111 1011
111000 0100
111001 1000
111010 0001
111011 0110
111100 0010
111101 0111
111110 1100
111111 0001
000001 1100
000000 0000
000011 0010
000010 0101
000101 1010
000100 1100
000111 1111
000110 0010
001001 1001
001000 1010
001011 0100
001010 1001
001101 0101
001100 0011
001111 1000
001110 1111
010001 0110
010000 1011
010011 1011
010010 1110
010101 1101
010100 0001
010111 0001
010110 0100
011001 0011
011000 1101
011011 1110
011010 0111
011101 0000
011100 0110
011111 0111
011110 1000
100001 1010
100000 0101
100011 1100
100010 0110
100101 1111
100100 0010
100111 0101
100110 1001
101001 0100
101000 1111
101011 0011
101010 0000
101101 1001
101100 1100
101111 0110
101110 0011
110001 0001
110000 1000
110011 0111
110010 0001
110101 0010
110100 1110
110111 1011
110110 0111
111001 1000
111000 0100
111011 1101
111010 1010
111101 1110
111100 1011
111111 0000
111110 1101
000010 1110
000011 0010
000000 0000
000001 0111
000110 1000
000111 1110
000100 1101
000101 0000
001010 1011
001011 1000
001000 0110
001001 1011
001110 0111
001111 0001
001100 1010
001101 1101
010010 0100
010011 1001
010000 1001
010001 1100
010110 1111
010111 0011
010100 0011
010101 0110
011010 0001
011011 1111
011000 1100
011001 0101
011110 0010
011111 0100
011100 0101
011101 1010
100010 1000
100011 0111
100000 1110
100001 0100
100110 1101
100111 0000
100100 0111
100101 1011
101010 0110
101011 1101
101000 0001
101001 0010
101110 1011
101111 1110
101100 0100
101101 0001
110010 0011
110011 1010
110000 0101
110001 0011
110110 0000
110111 1100
110100 1001
110101 0101
111010 1010
111011 0110
111000 1111
111001 1000
111110 1100
111111 1001
111100 0010
111101 1111
000011 1001
000010 0101
000001 0111
000000 0000
000111 1111
000110 1001
000101 1010
000100 0111
001011 1100
001010 1111
001001 0001
001000 1100
001111 0000
001110 0110
001101 1101
001100 1010
010011 0011
010010 1110
010001 1110
010000 1011
010111 1000
010110 0100
010101 0100
010100 0001
011011 0110
011010 1000
011001 1011
011000 0010
011111 0101
011110 0011
011101 0010
011100 1101
100011 1111
100010 0000
100001 1001
100000 0011
100111 1010
100110 0111
100101 0000
100100 1100
101011 0001
101010 1010
101001 0110
101000 0101
101111 1100
101110 1001
101101 0011
101100 0110
110011 0100
110010 1101
110001 0010
110000 0100
110111 0111
110110 1011
110101 1110
110100 0010
111011 1101
111010 0001
111001 1000
111000 1111
111111 1011
111110 1110
111101 0101
111100 1000
000100 0110
000101 1010
000110 1000
000111 1111
000000 0000
000001 0110
000010 0101
000011 1000
001100 0011
001101 0000
001110 1110
001111 0011
001000 1111
001001 1001
001010 0010
001011 0101
010100 1100
010101 0001
010110 0001
010111 0100
010000 0111
010001 1011
010010 1011
010011 1110
011100 1001
011101 0111
011110 0100
011111 1101
011000 1010
011001 1100
011010 1101
011011 0010
100100 0000
100101 1111
100110 0110
100111 1100
100000 0101
100001 1000
100010 1111
100011 0011
101100 1110
101101 0101
101110 1001
101111 1010
101000 0011
101001 0110
101010 1100
101011 1001
110100 1011
110101 0010
110110 1101
110111 1011
110000 1000
110001 0100
110010 0001
110011 1101
111100 0010
111101 1110
111110 0111
111111 0000
111000 0100
111001 0001
111010 1010
111011 0111
000101 0000
000100 1100
000111 1110
000110 1001
000001 0110
000000 0000
000011 0011
000010 1110
001101 0101
001100 0110
001111 1000
001110 0101
001001 1001
001000 1111
001011 0100
001010 0011
010101 1010
010100 0111
010111 0111
010110 0010
010001 0001
010000 1101
010011 1101
010010 1000
011101 1111
011100 0001
011111 0010
011110 1011
011001 1100
011000 1010
011011 1011
011010 0100
100101 0110
100100 1001
100111 0000
100110 1010
100001 0011
100000 1110
100011 1001
100010 0101
101101 1000
101100 0011
101111 1111
101110 1100
101001 0101
101000 0000
101011 1010
101010 1111
110101 1101
110100 0100
110111 1011
110110 1101
110001 1110
110000 0010
110011 0111
110010 1011
111101 0100
111100 1000
111111 0001
111110 0110
111001 0010
111000 0111
111011 1100
111010 0001
000110 0011
000111 1111
000100 1101
000101 1010
000010 0101
000011 0011
000000 0000
000001 1101
001110 0110
001111 0101
001100 1011
001101 0110
001010 1010
001011 1100
001000 0111
001001 0000
010110 1001
010111 0100
010100 0100
010101 0001
010010 0010
010011 1110
010000 1110
010001 1011
011110 1100
011111 0010
011100 0001
011101 1000
011010 1111
011011 1001
011000 1000
011001 0111
100110 0101
100111 1010
100100 0011
100101 1001
100010 0000
100011 1101
100000 1010
100001 0110
101110 1011
101111 0000
101100 1100
101101 1111
101010 0110
101011 0011
101000 1001
101001 1100
110110 1110
110111 0111
110100 1000
110101 1110
110010 1101
110011 0001
110000 0100
110001 1000
111110 0111
111111 1011
111100 0010
111101 0101
111010 0001
111011 0100
111000 1111
111001 0010
000111 1110
000110 0010
000101 0000
000100 0111
000011 1000
000010 1110
000001 1101
000000 0000
001111 1011
001110 1000
001101 0110
001100 1011
001011 0111
001010 0001
001001 1010
001000 1101
010111 0100
010110 1001
010101 1001
010100 1100
010011 1111
010010 0011
010001 0011
010000 0110
011111 0001
011110 1111
011101 1100
011100 0101
011011 0010
011010 0100
011001 0101
011000 1010
100111 1000
100110 0111
100101 1110
100100 0100
100011 1101
100010 0000
100001 0111
100000 1011
101111 0110
101110 1101
101101 0001
101100 0010
101011 1011
101010 1110
101001 0100
101000 0001
110111 0011
110110 1010
110101 0101
110100 0011
110011 0000
110010 1100
110001 1001
110000 0101
111111 1010
111110 0110
111101 1111
111100 1000
111011 1100
111010 1001
111001 0010
111000 1111
001000 0101
001001 1001
001010 1011
001011 1100
001100 0011
001101 0101
001110 0110
001111 1011
000000 0000
000001 0011
000010 1101
000011 0000
000100 1100
000101 1010
000110 0001
000111 0110
011000 1111
011001 0010
011010 0010
011011 0111
011100 0100
011101 1000
011110 1000
011111 1101
010000 1010
010001 0100
010010 0111
010011 1110
010100 1001
010101 1111
010110 1110
010111 0001
101000 0011
101001 1100
101010 0101
101011 1111
101100 0110
101101 1011
101110 1100
101111 0000
100000 1101
100001 0110
100010 1010
100011 1001
100100 0000
100101 0101
100110 1111
100111 1010
111000 1000
111001 0001
111010 1110
111011 1000
111100 1011
111101 0111
111110 0010
111111 1110
110000 0001
110001 1101
110010 0100
110011 0011
110100 0111
110101 0010
110110 1001
110111 0100
001001 0110
001000 1010
001011 1000
001010 1111
001101 0000
001100 0110
001111 0101
001110 1000
000001 0011
000000 0000
000011 1110
000010 0011
000101 1111
000100 1001
000111 0010
000110 0101
011001 1100
011000 0001
011011 0001
011010 0100
011101 0111
011100 1011
011111 1011
011110 1110
010001 1001
010000 0111
010011 0100
010010 1101
010101 1010
010100 1100
010111 1101
010110 0010
101001 0000
101000 1111
101011 0110
101010 1100
101101 0101
101100 1000
101111 1111
101110 0011
100001 1110
100000 0101
100011 1001
100010 1010
100101 0011
100100 0110
100111 1100
100110 1001
111001 1011
111000 0010
111011 1101
111010 1011
111101 1000
111100 0100
111111 0001
111110 1101
110001 0010
110000 1110
110011 0111
110010 0000
110101 0100
110100 0001
110111 1010
110110 0111
001010 1000
001011 0100
001000 0110
001001 0001
001110 1110
001111 1000
001100 1011
001101 0110
000010 1101
000011 1110
000000 0000
000001 1101
000110 0001
000111 0111
000100 1100
000101 1011
011010 0010
011011 1111
011000 1111
011001 1010
011110 1001
011111 0101
011100 0101
011101 0000
010010 0111
010011 1001
010000 1010
010001 0011
010110 0100
010111 0010
010100 0011
010101 1100
101010 1110
101011 0001
101000 1000
101001 0010
101110 1011
101111 0110
101100 0001
101101 1101
100010 0000
100011 1011
100000 0111
100001 0100
100110 1101
100111 1000
100100 0010
100101 0111
111010 0101
111011 1100
111000 0011
111001 0101
111110 0110
111111 1010
111100 1111
111101 0011
110010 1100
110011 0000
110000 1001
110001 1110
110110 1010
110111 1111
110100 0100
110101 1001
001011 0101
001010 1001
001001 1011
001000 1100
001111 0011
001110 0101
001101 0110
001100 1011
000011 0000
000010 0011
000001 1101
000000 0000
000111 1100
000110 1010
000101 0001
000100 0110
011011 1111
011010 0010
011001 0010
011000 0111
011111 0100
011110 1000
011101 1000
011100 1101
010011 1010
010010 0100
010001 0111
010000 1110
010111 1001
010110 1111
010101 1110
010100 0001
101011 0011
101010 1100
101001 0101
101000 1111
101111 0110
101110 1011
101101 1100
101100 0000
100011 1101
100010 0110
100001 1010
100000 1001
100111 0000
100110 0101
100101 1111
100100 1010
111011 1000
111010 0001
111001 1110
111000 1000
111111 1011
111110 0111
111101 0010
111100 1110
110011 0001
110010 1101
110001 0100
110000 0011
110111 0111
110110 0010
110101 1001
110100 0100
001100 1001
001101 0101
001110 0111
001111 0000
001000 1111
001001 1001
001010 1010
001011 0111
000100 1100
000101 1111
000110 0001
000111 1100
000000 0000
000001 0110
000010 1101
000011 1010
011100 0011
011101 1110
011110 1110
011111 1011
011000 1000
011001 0100
011010 0100
011011 0001
010100 0110
010101 1000
010110 1011
010111 0010
010000 0101
010001 0011
010010 0010
010011 1101
101100 1111
101101 0000
101110 1001
101111 0011
101000 1010
101001 0111
101010 0000
101011 1100
100100 0001
100101 1010
100110 0110
100111 0101
100000 1100
100001 1001
100010 0011
100011 0110
111100 0100
111101 1101
111110 0010
111111 0100
111000 0111
111001 1011
111010 1110
111011 0010
110100 1101
110101 0001
110110 1000
110111 1111
110000 1011
110001 1110
110010 0101
110011 1000
001101 1111
001100 0011
001111 0001
001110 0110
001001 1001
001000 1111
001011 1100
001010 0001
000101 1010
000100 1001
000111 0111
000110 1010
000001 0110
000000 0000
000011 1011
000010 1100
011101 0101
011100 1000
011111 1000
011110 1101
011001 1110
011000 0010
011011 0010
011010 0111
010101 0000
010100 1110
010111 1101
010110 0100
010001 0011
010000 0101
010011 0100
010010 1011
101101 1001
101100 0110
101111 1111
101110 0101
101001 1100
101000 0001
101011 0110
101010 1010
100101 0111
100100 1100
100111 0000
100110 0011
100001 1010
100000 1111
100011 0101
100010 0000
111101 0010
111100 1011
111111 0100
111110 0010
111001 0001
111000 1101
111011 1000
111010 0100
110101 1011
110100 0111
110111 1110
110110 1001
110001 1101
110000 1000
110011 0011
110010 1110
001110 0100
001111 1000
001100 1010
001101 1101
001010 0010
001011 0100
001000 0111
001001 1010
000110 0001
000111 0010
000100 1100
000101 0001
000010 1101
000011 1011
000000 0000
000001 0111
011110 1110
011111 0011
011100 0011
011101 0110
011010 0101
011011 1001
011000 1001
011001 1100
010110 1011
010111 0101
010100 0110
010101 1111
010010 1000
010011 1110
010000 1111
010001 0000
101110 0010
101111 1101
101100 0100
101101 1110
101010 0111
101011 1010
101000 1101
101001 0001
100110 1100
100111 0111
100100 1011
100101 1000
100010 0001
100011 0100
100000 1110
100001 1011
111110 1001
111111 0000
111100 1111
111101 1001
111010 1010
111011 0110
111000 0011
111001 1111
110110 0000
110111 1100
110100 0101
110101 0010
110010 0110
110011 0011
110000 1000
110001 0101
001111 0011
001110 1111
001101 1101
001100 1010
001011 0101
001010 0011
001001 0000
001000 1101
000111 0110
000110 0101
000101 1011
000100 0110
000011 1010
000010 1100
000001 0111
000000 0000
011111 1001
011110 0100
011101 0100
011100 0001
011011 0010
011010 1110
011001 1110
011000 1011
010111 1100
010110 0010
010101 0001
010100 1000
010011 1111
010010 1001
010001 1000
010000 0111
101111 0101
101110 1010
101101 0011
101100 1001
101011 0000
101010 1101
101001 1010
101000 0110
100111 1011
100110 0000
100101 1100
100100 1111
100011 0110
100010 0011
100001 1001
100000 1100
111111 1110
111110 0111
111101 1000
111100 1110
111011 1101
111010 0001
111001 0100
111000 1000
110111 0111
110110 1011
110101 0010
110100 0101
110011 0001
110010 0100
110001 1111
110000 0010
010000 1010
010001 0110
010010 0100
010011 0011
010100 1100
010101 1010
010110 1001
010111 0100
011000 1111
011001 1100
011010 0010
011011 1111
011100 0011
011101 0101
011110 1110
011111 1001
000000 0000
000001 1101
000010 1101
000011 1000
000100 1011
000101 0111
000110 0111
000111 0010
001000 0101
001001 1011
001010 1000
001011 0001
001100 0110
001101 0000
001110 0001
001111 1110
110000 1100
110001 0011
110010 1010
110011 0000
110100 1001
110101 0100
110110 0011
110111 1111
111000 0010
111001 1001
111010 0101
111011 0110
111100 1111
111101 1010
111110 0000
111111 0101
100000 0111
100001 1110
100010 0001
100011 0111
100100 0100
100101 1000
100110 1101
100111 0001
101000 1110
101001 0010
101010 1011
101011 1100
101100 1000
101101 1101
101110 0110
101111 1011
010001 0111
010000 1011
010011 1001
010010 1110
010101 0001
010100 0111
010111 0100
010110 1001
011001 0010
011000 0001
011011 1111
011010 0010
011101 1110
011100 1000
011111 0011
011110 0100
000001 1101
000000 0000
000011 0000
000010 0101
000101 0110
000100 1010
000111 1010
000110 1111
001001 1000
001000 0110
001011 0101
001010 1100
001101 1011
001100 1101
001111 1100
001110 0011
110001 0001
110000 1110
110011 0111
110010 1101
110101 0100
110100 1001
110111 1110
110110 0010
111001 1111
111000 0100
111011 1000
111010 1011
111101 0010
111100 0111
111111 1101
111110 1000
100001 1010
100000 0011
100011 1100
100010 1010
100101 1001
100100 0101
100111 0000
100110 1100
101001 0011
101000 1111
101011 0110
101010 0001
101101 0101
101100 0000
101111 1011
101110 0110
010010 0111
010011 1011
010000 1001
010001 1110
010110 0001
010111 0111
010100 0100
010101 1001
011010 0010
011011 0001
011000 1111
011001 0010
011110 1110
011111 1000
011100 0011
011101 0100
000010 1101
000011 0000
000000 0000
000001 0101
000110 0110
000111 1010
000100 1010
000101 1111
001010 1000
001011 0110
001000 0101
001001 1100
001110 1011
001111 1101
001100 1100
001101 0011
110010 0001
110011 1110
110000 0111
110001 1101
110110 0100
110111 1001
110100 1110
110101 0010
111010 1111
111011 0100
111000 1000
111001 1011
111110 0010
111111 0111
111100 1101
111101 1000
100010 1010
100011 0011
100000 1100
100001 1010
100110 1001
100111 0101
100100 0000
100101 1100
101010 0011
101011 1111
101000 0110
101001 0001
101110 0101
101111 0000
101100 1011
101101 0110
010011 0010
010010 1110
010001 1100
010000 1011
010111 0100
010110 0010
010101 0001
010100 1100
011011 0111
011010 0100
011001 1010
011000 0111
011111 1011
011110 1101
011101 0110
011100 0001
000011 1000
000010 0101
000001 0101
000000 0000
000111 0011
000110 1111
000101 1111
000100 1010
001011 1101
001010 0011
001001 0000
001000 1001
001111 1110
001110 1000
001101 1001
001100 0110
110011 0100
110010 1011
110001 0010
110000 1000
110111 0001
110110 1100
110101 1011
110100 0111
111011 1010
111010 0001
111001 1101
111000 1110
111111 0111
111110 0010
111101 1000
111100 1101
100011 1111
100010 0110
100001 1001
100000 1111
100111 1100
100110 0000
100101 0101
100100 1001
101011 0110
101010 1010
101001 0011
101000 0100
101111 0000
101110 0101
101101 1110
101100 0011
010100 0001
010101 1101
010110 1111
010111 1000
010000 0111
010001 0001
010010 0010
010011 1111
011100 0100
011101 0111
011110 1001
011111 0100
011000 1000
011001 1110
011010 0101
011011 0010
000100 1011
000101 0110
000110 0110
000111 0011
000000 0000
000001 1100
000010 1100
000011 1001
001100 1110
001101 0000
001110 0011
001111 1010
001000 1101
001001 1011
001010 1010
001011 0101
110100 0111
110101 1000
110110 0001
110111 1011
110000 0010
110001 1111
110010 1000
110011 0100
111100 1001
111101 0010
111110 1110
111111 1101
111000 0100
111001 0001
111010 1011
111011 1110
100100 1100
100101 0101
100110 1010
100111 1100
100000 1111
100001 0011
100010 0110
100011 1010
101100 0101
101101 1001
101110 0000
101111 0111
101000 0011
101001 0110
101010 1101
101011 0000
010101 1101
010100 0001
010111 0011
010110 0100
010001 1011
010000 1101
010011 1110
010010 0011
011101 1000
011100 1011
011111 0101
011110 1000
011001 0100
011000 0010
011011 1001
011010 1110
000101 0111
000100 1010
000111 1010
000110 1111
000001 1100
000000 0000
000011 0000
000010 0101
001101 0010
001100 1100
001111 1111
001110 0110
001001 0001
001000 0111
001011 0110
001010 1001
110101 1011
110100 0100
110111 1101
110110 0111
110001 1110
110000 0011
110011 0100
110010 1000
111101 0101
111100 1110
111111 0010
111110 0001
111001 1000
111000 1101
111011 0111
111010 0010
100101 0000
100100 1001
100111 0110
100110 0000
100001 0011
100000 1111
100011 1010
100010 0110
101101 1001
101100 0101
101111 1100
101110 1011
101001 1111
101000 1010
101011 0001
101010 1100
010110 1101
010111 0001
010100 0011
010101 0100
010010 1011
010011 1101
010000 1110
010001 0011
011110 1000
011111 1011
011100 0101
011101 1000
011010 0100
011011 0010
011000 1001
011001 1110
000110 0111
000111 1010
000100 1010
000101 1111
000010 1100
000011 0000
000000 0000
000001 0101
001110 0010
001111 1100
001100 1111
001101 0110
001010 0001
001011 0111
001000 0110
001001 1001
110110 1011
110111 0100
110100 1101
110101 0111
110010 1110
110011 0011
110000 0100
110001 1000
111110 0101
111111 1110
111100 0010
111101 0001
111010 1000
111011 1101
111000 0111
111001 0010
100110 0000
100111 1001
100100 0110
100101 0000
100010 0011
100011 1111
100000 1010
100001 0110
101110 1001
101111 0101
101100 1100
101101 1011
101010 1111
101011 1010
101000 0001
101001 1100
010111 1000
010110 0100
010101 0110
010100 0001
010011 1110
010010 1000
010001 1011
010000 0110
011111 1101
011110 1110
011101 0000
011100 1101
011011 0001
011010 0111
011001 1100
011000 1011
000111 0010
000110 1111
000101 1111
000100 1010
000011 1001
000010 0101
000001 0101
000000 0000
001111 0111
001110 1001
001101 1010
001100 0011
001011 0100
001010 0010
001001 0011
001000 1100
110111 1110
110110 0001
110101 1000
110100 0010
110011 1011
110010 0110
110001 0001
110000 1101
111111 0000
111110 1011
111101 0111
111100 0100
111011 1101
111010 1000
111001 0010
111000 0111
100111 0101
100110 1100
100101 0011
100100 0101
100011 0110
100010 1010
100001 1111
100000 0011
101111 1100
101110 0000
101101 1001
101100 1110
101011 1010
101010 1111
101001 0100
101000 1001
011000 1111
011001 0011
011010 0001
011011 0110
011100 1001
011101 1111
011110 1100
011111 0001
010000 1010
010001 1001
010010 0111
010011 1010
010100 0110
010101 0000
010110 1011
010111 1100
001000 0101
001001 1000
001010 1000
001011 1101
001100 1110
001101 0010
001110 0010
001111 0111
000000 0000
000001 1110
000010 1101
000011 0100
000100 0011
000101 0101
000110 0100
000111 1011
111000 1001
111001 0110
111010 1111
111011 0101
111100 1100
111101 0001
111110 0110
111111 1010
110000 0111
110001 1100
110010 0000
110011 0011
110100 1010
110101 1111
110110 0101
110111 0000
101000 0010
101001 1011
101010 0100
101011 0010
101100 0001
101101 1101
101110 1000
101111 0100
100000 1011
100001 0111
100010 1110
100011 1001
100100 1101
100101 1000
100110 0011
100111 1110
011001 0001
011000 1101
011011 1111
011010 1000
011101 0111
011100 0001
011111 0010
011110 1111
010001 0100
010000 0111
010011 1001
010010 0100
010101 1000
010100 1110
010111 0101
010110 0010
001001 1011
001000 0110
001011 0110
001010 0011
001101 0000
001100 1100
001111 1100
001110 1001
000001 1110
000000 0000
000011 0011
000010 1010
000101 1101
000100 1011
000111 1010
000110 0101
111001 0111
111000 1000
111011 0001
111010 1011
111101 0010
111100 1111
111111 1000
111110 0100
110001 1001
110000 0010
110011 1110
110010 1101
110101 0100
110100 0001
110111 1011
110110 1110
101001 1100
101000 0101
101011 1010
101010 1100
101101 1111
101100 0011
101111 0110
101110 1010
100001 0101
100000 1001
100011 0000
100010 0111
100101 0011
100100 0110
100111 1101
100110 0000
011010 0010
011011 1110
011000 1100
011001 1011
011110 0100
011111 0010
011100 0001
011101 1100
010010 0111
010011 0100
010000 1010
010001 0111
010110 1011
010111 1101
010100 0110
010101 0001
001010 1000
001011 0101
001000 0101
001001 0000
001110 0011
001111 1111
001100 1111
001101 1010
000010 1101
000011 0011
000000 0000
000001 1001
000110 1110
000111 1000
000100 1001
000101 0110
111010 0100
111011 1011
111000 0010
111001 1000
111110 0001
111111 1100
111100 1011
111101 0111
110010 1010
110011 0001
110000 1101
110001 1110
110110 0111
110111 0010
110100 1000
110101 1101
101010 1111
101011 0110
101000 1001
101001 1111
101110 1100
101111 0000
101100 0101
101101 1001
100010 0110
100011 1010
100000 0011
100001 0100
100110 0000
100111 0101
100100 1110
100101 0011
011011 1011
011010 0111
011001 0101
011000 0010
011111 1101
011110 1011
011101 1000
011100 0101
010011 1110
010010 1101
010001 0011
010000 1110
010111 0010
010110 0100
010101 1111
010100 1000
001011 0001
001010 1100
001001 1100
001000 1001
001111 1010
001110 0110
001101 0110
001100 0011
000011 0100
000010 1010
000001 1001
000000 0000
000111 0111
000110 0001
000101 0000
000100 1111
111011 1101
111010 0010
111001 1011
111000 0001
111111 1000
111110 0101
111101 0010
111100 1110
110011 0011
110010 1000
110001 0100
110000 0111
110111 1110
110110 1011
110101 0001
110100 0100
101011 0110
101010 1111
101001 0000
101000 0110
101111 0101
101110 1001
101101 1100
101100 0000
100011 1111
100010 0011
100001 1010
100000 1101
100111 1001
100110 1100
100101 0111
100100 1010
011100 1100
011101 0000
011110 0010
011111 0101
011000 1010
011001 1100
011010 1111
011011 0010
010100 1001
010101 1010
010110 0100
010111 1001
010000 0101
010001 0011
010010 1000
010011 1111
001100 0110
001101 1011
001110 1011
001111 1110
001000 1101
001001 0001
001010 0001
001011 0100
000100 0011
000101 1101
000110 1110
000111 0111
000000 0000
000001 0110
000010 0111
000011 1000
111100 1010
111101 0101
111110 1100
111111 0110
111000 1111
111001 0010
111010 0101
111011 1001
110100 0100
110101 1111
110110 0011
110111 0000
110000 1001
110001 1100
110010 0110
110011 0011
101100 0001
101101 1000
101110 0111
101111 0001
101000 0010
101001 1110
101010 1011
101011 0111
100100 1000
100101 0100
100110 1101
100111 1010
100000 1110
100001 1011
100010 0000
100011 1101
011101 1010
011100 0110
011111 0100
011110 0011
011001 1100
011000 1010
011011 1001
011010 0100
010101 1111
010100 1100
010111 0010
010110 1111
010001 0011
010000 0101
010011 1110
010010 1001
001101 0000
001100 1101
001111 1101
001110 1000
001001 1011
001000 0111
001011 0111
001010 0010
000101 0101
000100 1011
000111 1000
000110 0001
000001 0110
000000 0000
000011 0001
000010 1110
111101 1100
111100 0011
111111 1010
111110 0000
111001 1001
111000 0100
111011 0011
111010 1111
110101 0010
110100 1001
110111 0101
110110 0110
110001 1111
110000 1010
110011 0000
110010 0101
101101 0111
101100 1110
101111 0001
101110 0111
101001 0100
101000 1000
101011 1101
101010 0001
100101 1110
100100 0010
100111 1011
100110 1100
100001 1000
100000 1101
100011 0110
100010 1011
011110 1011
011111 0111
011100 0101
011101 0010
011010 1101
011011 1011
011000 1000
011001 0101
010110 1110
010111 1101
010100 0011
010101 1110
010010 0010
010011 0100
010000 1111
010001 1000
001110 0001
001111 1100
001100 1100
001101 1001
001010 1010
001011 0110
001000 0110
001001 0011
000110 0100
000111 1010
000100 1001
000101 0000
000010 0111
000011 0001
000000 0000
000001 1111
111110 1101
111111 0010
111100 1011
111101 0001
111010 1000
111011 0101
111000 0010
111001 1110
110110 0011
110111 1000
110100 0100
110101 0111
110010 1110
110011 1011
110000 0001
110001 0100
101110 0110
101111 1111
101100 0000
101101 0110
101010 0101
101011 1001
101000 1100
101001 0000
100110 1111
100111 0011
100100 1010
100101 1101
100010 1001
100011 1100
100000 0111
100001 1010
011111 0100
011110 1000
011101 1010
011100 1101
011011 0010
011010 0100
011001 0111
011000 1010
010111 0001
010110 0010
010101 1100
010100 0001
010011 1101
010010 1011
010001 0000
010000 0111
001111 1110
001110 0011
001101 0011
001100 0110
001011 0101
001010 1001
001001 1001
001000 1100
000111 1011
000110 0101
000101 0110
000100 1111
000011 1000
000010 1110
000001 1111
000000 0000
111111 0010
111110 1101
111101 0100
111100 1110
111011 0111
111010 1010
111001 1101
111000 0001
110111 1100
110110 0111
110101 1011
110100 1000
110011 0001
110010 0100
110001 1110
110000 1011
101111 1001
101110 0000
101101 1111
101100 1001
101011 1010
101010 0110
101001 0011
101000 1111
100111 0000
100110 1100
100101 0101
100100 0010
100011 0110
100010 0011
100001 1000
100000 0101
100000 0110
100001 1010
100010 1000
100011 1111
100100 0000
100101 0110
100110 0101
100111 1000
101000 0011
101001 0000
101010 1110
101011 0011
101100 1111
101101 1001
101110 0010
101111 0101
110000 1100
110001 0001
110010 0001
110011 0100
110100 0111
110101 1011
110110 1011
110111 1110
111000 1001
111001 0111
111010 0100
111011 1101
111100 1010
111101 1100
111110 1101
111111 0010
000000 0000
000001 1111
000010 0110
000011 1100
000100 0101
000101 1000
000110 1111
000111 0011
001000 1110
001001 0101
001010 1001
001011 1010
001100 0011
001101 0110
001110 1100
001111 1001
010000 1011
010001 0010
010010 1101
010011 1011
010100 1000
010101 0100
010110 0001
010111 1101
011000 0010
011001 1110
011010 0111
011011 0000
011100 0100
011101 0001
011110 1010
011111 0111
100001 1001
100000 0101
100011 0111
100010 0000
100101 1111
100100 1001
100111 1010
100110 0111
101001 1100
101000 1111
101011 0001
101010 1100
101101 0000
101100 0110
101111 1101
101110 1010
110001 0011
110000 1110
110011 1110
110010 1011
110101 1000
110100 0100
110111 0100
110110 0001
111001 0110
111000 1000
111011 1011
111010 0010
111101 0101
111100 0011
111111 0010
111110 1101
000001 1111
000000 0000
000011 1001
000010 0011
000101 1010
000100 0111
000111 0000
000110 1100
001001 0001
001000 1010
001011 0110
001010 0101
001101 1100
001100 1001
001111 0011
001110 0110
010001 0100
010000 1101
010011 0010
010010 0100
010101 0111
010100 1011
010111 1110
010110 0010
011001 1101
011000 0001
011011 1000
011010 1111
011101 1011
011100 1110
011111 0101
011110 1000
100010 0000
100011 1100
100000 1110
100001 1001
100110 0110
100111 0000
100100 0011
100101 1110
101010 0101
101011 0110
101000 1000
101001 0101
101110 1001
101111 1111
101100 0100
101101 0011
110010 1010
110011 0111
110000 0111
110001 0010
110110 0001
110111 1101
110100 1101
110101 1000
111010 1111
111011 0001
111000 0010
111001 1011
111110 1100
111111 1010
111100 1011
111101 0100
000010 0110
000011 1001
000000 0000
000001 1010
000110 0011
000111 1110
000100 1001
000101 0101
001010 1000
001011 0011
001000 1111
001001 1100
001110 0101
001111 0000
001100 1010
001101 1111
010010 1101
010011 0100
010000 1011
010001 1101
010110 1110
010111 0010
010100 0111
010101 1011
011010 0100
011011 1000
011000 0001
011001 0110
011110 0010
011111 0111
011100 1100
011101 0001
100011 1010
100010 0110
100001 0100
100000 0011
100111 1100
100110 1010
100101 1001
100100 0100
101011 1111
101010 1100
101001 0010
101000 1111
101111 0011
101110 0101
101101 1110
101100 1001
110011 0000
110010 1101
110001 1101
110000 1000
110111 1011
110110 0111
110101 0111
110100 0010
111011 0101
111010 1011
111001 1000
111000 0001
111111 0110
111110 0000
111101 0001
111100 1110
000011 1100
000010 0011
000001 1010
000000 0000
000111 1001
000110 0100
000101 0011
000100 1111
001011 0010
001010 1001
001001 0101
001000 0110
001111 1111
001110 1010
001101 0000
001100 0101
010011 0111
010010 1110
010001 0001
010000 0111
010111 0100
010110 1000
010101 1101
010100 0001
011011 1110
011010 0010
011001 1011
011000 1100
011111 1000
011110 1101
011101 0110
011100 1011
100100 0011
100101 1111
100110 1101
100111 1010
100000 0101
100001 0011
100010 0000
100011 1101
101100 0110
101101 0101
101110 1011
101111 0110
101000 1010
101001 1100
101010 0111
101011 0000
110100 1001
110101 0100
110110 0100
110111 0001
110000 0010
110001 1110
110010 1110
110011 1011
111100 1100
111101 0010
111110 0001
111111 1000
111000 1111
111001 1001
111010 1000
111011 0111
000100 0101
000101 1010
000110 0011
000111 1001
000000 0000
000001 1101
000010 1010
000011 0110
001100 1011
001101 0000
001110 1100
001111 1111
001000 0110
001001 0011
001010 1001
001011 1100
010100 1110
010101 0111
010110 1000
010111 1110
010000 1101
010001 0001
010010 0100
010011 1000
011100 0111
011101 1011
011110 0010
011111 0101
011000 0001
011001 0100
011010 1111
011011 0010
100101 1110
100100 0010
100111 0000
100110 0111
100001 1000
100000 1110
100011 1101
100010 0000
101101 1011
101100 1000
101111 0110
101110 1011
101001 0111
101000 0001
101011 1010
101010 1101
110101 0100
110100 1001
110111 1001
110110 1100
110001 1111
110000 0011
110011 0011
110010 0110
111101 0001
111100 1111
111111 1100
111110 0101
111001 0010
111000 0100
111011 0101
111010 1010
000101 1000
000100 0111
000111 1110
000110 0100
000001 1101
000000 0000
000011 0111
000010 1011
001101 0110
001100 1101
001111 0001
001110 0010
001001 1011
001000 1110
001011 0100
001010 0001
010101 0011
010100 1010
010111 0101
010110 0011
010001 0000
010000 1100
010011 1001
010010 0101
011101 1010
011100 0110
011111 1111
011110 1000
011001 1100
011000 1001
011011 0010
011010 1111
100110 1001
100111 0101
100100 0111
100101 0000
100010 1111
100011 1001
100000 1010
100001 0111
101110 1100
101111 1111
101100 0001
101101 1100
101010 0000
101011 0110
101000 1101
101001 1010
110110 0011
110111 1110
110100 1110
110101 1011
110010 1000
110011 0100
110000 0100
110001 0001
111110 0110
111111 1000
111100 1011
111101 0010
111010 0101
111011 0011
111000 0010
111001 1101
000110 1111
000111 0000
000100 1001
000101 0011
000010 1010
000011 0111
000000 0000
000001 1100
001110 0001
001111 1010
001100 0110
001101 0101
001010 1100
001011 1001
001000 0011
001001 0110
010110 0100
010111 1101
010100 0010
010101 0100
010010 0111
010011 1011
010000 1110
010001 0010
011110 1101
011111 0001
011100 1000
011101 1111
011010 1011
011011 1110
011000 0101
011001 1000
100111 0101
100110 1001
100101 1011
100100 1100
100011 0011
100010 0101
100001 0110
100000 1011
101111 0000
101110 0011
101101 1101
101100 0000
101011 1100
101010 1010
101001 0001
101000 0110
110111 1111
110110 0010
110101 0010
110100 0111
110011 0100
110010 1000
110001 1000
110000 1101
111111 1010
111110 0100
111101 0111
111100 1110
111011 1001
111010 1111
111001 1110
111000 0001
000111 0011
000110 1100
000101 0101
000100 1111
000011 0110
000010 1011
000001 1100
000000 0000
001111 1101
001110 0110
001101 1010
001100 1001
001011 0000
001010 0101
001001 1111
001000 1010
010111 1000
010110 0001
010101 1110
010100 1000
010011 1011
010010 0111
010001 0010
010000 1110
011111 0001
011110 1101
011101 0100
011100 0011
011011 0111
011010 0010
011001 1001
011000 0100
101000 1000
101001 0100
101010 0110
101011 0001
101100 1110
101101 1000
101110 1011
101111 0110
100000 1101
100001 1110
100010 0000
100011 1101
100100 0001
100101 0111
100110 1100
100111 1011
111000 0010
111001 1111
111010 1111
111011 1010
111100 1001
111101 0101
111110 0101
111111 0000
110000 0111
110001 1001
110010 1010
110011 0011
110100 0100
110101 0010
110110 0011
110111 1100
001000 1110
001001 0001
001010 1000
001011 0010
001100 1011
001101 0110
001110 0001
001111 1101
000000 0000
000001 1011
000010 0111
000011 0100
000100 1101
000101 1000
000110 0010
000111 0111
011000 0101
011001 1100
011010 0011
011011 0101
011100 0110
011101 1010
011110 1111
011111 0011
010000 1100
010001 0000
010010 1001
010011 1110
010100 1010
010101 1111
010110 0100
010111 1001
101001 0011
101000 1111
101011 1101
101010 1010
101101 0101
101100 0011
101111 0000
101110 1101
100001 0110
100000 0101
100011 1011
100010 0110
100101 1010
100100 1100
100111 0111
100110 0000
111001 1001
111000 0100
111011 0100
111010 0001
111101 0010
111100 1110
111111 1110
111110 1011
110001 1100
110000 0010
110011 0001
110010 1000
110101 1111
110100 1001
110111 1000
110110 0111
001001 0101
001000 1010
001011 0011
001010 1001
001101 0000
001100 1101
001111 1010
001110 0110
000001 1011
000000 0000
000011 1100
000010 1111
000101 0110
000100 0011
000111 1001
000110 1100
011001 1110
011000 0111
011011 1000
011010 1110
011101 1101
011100 0001
011111 0100
011110 1000
010001 0111
010000 1011
010011 0010
010010 0101
010101 0001
010100 0100
010111 1111
010110 0010
101010 1111
101011 0011
101000 0001
101001 0110
101110 1001
101111 1111
101100 1100
101101 0001
100010 1010
100011 1001
100000 0111
100001 1010
100110 0110
100111 0000
100100 1011
100101 1100
111010 0101
111011 1000
111000 1000
111001 1101
111110 1110
111111 0010
111100 0010
111101 0111
110010 0000
110011 1110
110000 1101
110001 0100
110110 0011
110111 0101
110100 0100
110101 1011
001010 1001
001011 0110
001000 1111
001001 0101
001110 1100
001111 0001
001100 0110
001101 1010
000010 0111
000011 1100
000000 0000
000001 0011
000110 1010
000111 1111
000100 0101
000101 0000
011010 0010
011011 1011
011000 0100
011001 0010
011110 0001
011111 1101
011100 1000
011101 0100
010010 1011
010011 0111
010000 1110
010001 1001
010110 1101
010111 1000
010100 0011
010101 1110
101011 1100
101010 0000
101001 0010
101000 0101
101111 1010
101110 1100
101101 1111
101100 0010
100011 1001
100010 1010
100001 0100
100000 1001
100111 0101
100110 0011
100101 1000
100100 1111
111011 0110
111010 1011
111001 1011
111000 1110
111111 1101
111110 0001
111101 0001
111100 0100
110011 0011
110010 1101
110001 1110
110000 0111
110111 0000
110110 0110
110101 0111
110100 1000
001011 1010
001010 0101
001001 1100
001000 0110
001111 1111
001110 0010
001101 0101
001100 1001
000011 0100
000010 1111
000001 0011
000000 0000
000111 1001
000110 1100
000101 0110
000100 0011
011011 0001
011010 1000
011001 0111
011000 0001
011111 0010
011110 1110
011101 1011
011100 0111
010011 1000
010010 0100
010001 1101
010000 1010
010111 1110
010110 1011
010101 0000
010100 1101
101100 0101
101101 1001
101110 1011
101111 1100
101000 0011
101001 0101
101010 0110
101011 1011
100100 0000
100101 0011
100110 1101
100111 0000
100000 1100
100001 1010
100010 0001
100011 0110
111100 1111
111101 0010
111110 0010
111111 0111
111000 0100
111001 1000
111010 1000
111011 1101
110100 1010
110101 0100
110110 0111
110111 1110
110000 1001
110001 1111
110010 1110
110011 0001
001100 0011
001101 1100
001110 0101
001111 1111
001000 0110
001001 1011
001010 1100
001011 0000
000100 1101
000101 0110
000110 1010
000111 1001
000000 0000
000001 0101
000010 1111
000011 1010
011100 1000
011101 0001
011110 1110
011111 1000
011000 1011
011001 0111
011010 0010
011011 1110
010100 0001
010101 1101
010110 0100
010111 0011
010000 0111
010001 0010
010010 1001
010011 0100
101101 0000
101100 1100
101111 1110
101110 1001
101001 0110
101000 0000
101011 0011
101010 1110
100101 0101
100100 0110
100111 1000
100110 0101
100001 1001
100000 1111
100011 0100
100010 0011
111101 1010
111100 0111
111111 0111
111110 0010
111001 0001
111000 1101
111011 1101
111010 1000
110101 1111
110100 0001
110111 0010
110110 1011
110001 1100
110000 1010
110011 1011
110010 0100
001101 0110
001100 1001
001111 0000
001110 1010
001001 0011
001000 1110
001011 1001
001010 0101
000101 1000
000100 0011
000111 1111
000110 1100
000001 0101
000000 0000
000011 1010
000010 1111
011101 1101
011100 0100
011111 1011
011110 1101
011001 1110
011000 0010
011011 0111
011010 1011
010101 0100
010100 1000
010111 0001
010110 0110
010001 0010
010000 0111
010011 1100
010010 0001
101110 1010
101111 0110
101100 0100
101101 0011
101010 1100
101011 1010
101000 1001
101001 0100
100110 1111
100111 1100
100100 0010
100101 1111
100010 0011
100011 0101
100000 1110
100001 1001
111110 0000
111111 1101
111100 1101
111101 1000
111010 1011
111011 0111
111000 0111
111001 0010
110110 0101
110111 1011
110100 1000
110101 0001
110010 0110
110011 0000
110000 0001
110001 1110
001110 1100
001111 0011
001100 1010
001101 0000
001010 1001
001011 0100
001000 0011
001001 1111
000110 0010
000111 1001
000100 0101
000101 0110
000010 1111
000011 1010
000000 0000
000001 0101
011110 0111
011111 1110
011100 0001
011101 0111
011010 0100
011011 1000
011000 1101
011001 0001
010110 1110
010111 0010
010100 1011
010101 1100
010010 1000
010011 1101
010000 0110
010001 1011
101111 1111
101110 0011
101101 0001
101100 0110
101011 1001
101010 1111
101001 1100
101000 0001
100111 1010
100110 1001
100101 0111
100100 1010
100011 0110
100010 0000
100001 1011
100000 1100
111111 0101
111110 1000
111101 1000
111100 1101
111011 1110
111010 0010
111001 0010
111000 0111
110111 0000
110110 1110
110101 1101
110100 0100
110011 0011
110010 0101
110001 0100
110000 1011
001111 1001
001110 0110
001101 1111
001100 0101
001011 1100
001010 0001
001001 0110
001000 1010
000111 0111
000110 1100
000101 0000
000100 0011
000011 1010
000010 1111
000001 0101
000000 0000
011111 0010
011110 1011
011101 0100
011100 0010
011011 0001
011010 1101
011001 1000
011000 0100
010111 1011
010110 0111
010101 1110
010100 1001
010011 1101
010010 1000
010001 0011
010000 1110
110000 1101
110001 0001
110010 0011
110011 0100
110100 1011
110101 1101
110110 1110
110111 0011
111000 1000
111001 1011
111010 0101
111011 1000
111100 0100
111101 0010
111110 1001
111111 1110
100000 0111
100001 1010
100010 1010
100011 1111
100100 1100
100101 0000
100110 0000
100111 0101
101000 0010
101001 1100
101010 1111
101011 0110
101100 0001
101101 0111
101110 0110
101111 1001
010000 1011
010001 0100
010010 1101
010011 0111
010100 1110
010101 0011
010110 0100
010111 1000
011000 0101
011001 1110
011010 0010
011011 0001
011100 1000
011101 1101
011110 0111
011111 0010
000000 0000
000001 1001
000010 0110
000011 0000
000100 0011
000101 1111
000110 1010
000111 0110
001000 1001
001001 0101
001010 1100
001011 1011
001100 1111
001101 1010
001110 0001
001111 1100
110001 0100
110000 1000
110011 1010
110010 1101
110101 0010
110100 0100
110111 0111
110110 1010
111001 0001
111000 0010
111011 1100
111010 0001
111101 1101
111100 1011
111111 0000
111110 0111
100001 1110
100000 0011
100011 0011
100010 0110
100101 0101
100100 1001
100111 1001
100110 1100
101001 1011
101000 0101
101011 0110
101010 1111
101101 1000
101100 1110
101111 1111
101110 0000
010001 0010
010000 1101
010011 0100
010010 1110
010101 0111
010100 1010
010111 1101
010110 0001
011001 1100
011000 0111
011011 1011
011010 1000
011101 0001
011100 0100
011111 1110
011110 1011
000001 1001
000000 0000
000011 1111
000010 1001
000101 1010
000100 0110
000111 0011
000110 1111
001001 0000
001000 1100
001011 0101
001010 0010
001101 0110
001100 0011
001111 1000
001110 0101
110010 1011
110011 0111
110000 0101
110001 0010
110110 1101
110111 1011
110100 1000
110101 0101
111010 1110
111011 1101
111000 0011
111001 1110
111110 0010
111111 0100
111100 1111
111101 1000
100010 0001
100011 1100
100000 1100
100001 1001
100110 1010
100111 0110
100100 0110
100101 0011
101010 0100
101011 1010
101000 1001
101001 0000
101110 0111
101111 0001
101100 0000
101101 1111
010010 1101
010011 0010
010000 1011
010001 0001
010110 1000
010111 0101
010100 0010
010101 1110
011010 0011
011011 1000
011000 0100
011001 0111
011110 1110
011111 1011
011100 0001
011101 0100
000010 0110
000011 1111
000000 0000
000001 0110
000110 0101
000111 1001
000100 1100
000101 0000
001010 1111
001011 0011
001000 1010
001001 1101
001110 1001
001111 1100
001100 0111
001101 1010
110011 1101
110010 0001
110001 0011
110000 0100
110111 1011
110110 1101
110101 1110
110100 0011
111011 1000
111010 1011
111001 0101
111000 1000
111111 0100
111110 0010
111101 1001
111100 1110
100011 0111
100010 1010
100001 1010
100000 1111
100111 1100
100110 0000
100101 0000
100100 0101
101011 0010
101010 1100
101001 1111
101000 0110
101111 0001
101110 0111
101101 0110
101100 1001
010011 1011
010010 0100
010001 1101
010000 0111
010111 1110
010110 0011
010101 0100
010100 1000
011011 0101
011010 1110
011001 0010
011000 0001
011111 1000
011110 1101
011101 0111
011100 0010
000011 0000
000010 1001
000001 0110
000000 0000
000111 0011
000110 1111
000101 1010
000100 0110
001011 1001
001010 0101
001001 1100
001000 1011
001111 1111
001110 1010
001101 0001
001100 1100
110100 1110
110101 0010
110110 0000
110111 0111
110000 1000
110001 1110
110010 1101
110011 0000
111100 1011
111101 1000
111110 0110
111111 1011
111000 0111
111001 0001
111010 1010
111011 1101
100100 0100
100101 1001
100110 1001
100111 1100
100000 1111
100001 0011
100010 0011
100011 0110
101100 0001
101101 1111
101110 1100
101111 0101
101000 0010
101001 0100
101010 0101
101011 1010
010100 1000
010101 0111
010110 1110
010111 0100
010000 1101
010001 0000
010010 0111
010011 1011
011100 0110
011101 1101
011110 0001
011111 0010
011000 1011
011001 1110
011010 0100
011011 0001
000100 0011
000101 1010
000110 0101
000111 0011
000000 0000
000001 1100
000010 1001
000011 0101
001100 1010
001101 0110
001110 1111
001111 1000
001000 1100
001001 1001
001010 0010
001011 1111
110101 0010
110100 1110
110111 1100
110110 1011
110001 0100
110000 0010
110011 0001
110010 1100
111101 0111
111100 0100
111111 1010
111110 0111
111001 1011
111000 1101
111011 0110
111010 0001
100101 1000
100100 0101
100111 0101
100110 0000
100001 0011
100000 1111
100011 1111
100010 1010
101101 1101
101100 0011
101111 0000
101110 1001
101001 1110
101000 1000
101011 1001
101010 0110
010101 0100
010100 1011
010111 0010
010110 1000
010001 0001
010000 1100
010011 1011
010010 0111
011101 1010
011100 0001
011111 1101
011110 1110
011001 0111
011000 0010
011011 1000
011010 1101
000101 1111
000100 0110
000111 1001
000110 1111
000001 1100
000000 0000
000011 0101
000010 1001
001101 0110
001100 1010
001111 0011
001110 0100
001001 0000
001000 0101
001011 1110
001010 0011
110110 0111
110111 1011
110100 1001
110101 1110
110010 0001
110011 0111
110000 0100
110001 1001
111110 0010
111111 0001
111100 1111
111101 0010
111010 1110
111011 1000
111000 0011
111001 0100
100110 1101
100111 0000
100100 0000
100101 0101
100010 0110
100011 1010
100000 1010
100001 1111
101110 1000
101111 0110
101100 0101
101101 1100
101010 1011
101011 1101
101000 1100
101001 0011
010110 0001
010111 1110
010100 0111
010101 1101
010010 0100
010011 1001
010000 1110
010001 0010
011110 1111
011111 0100
011100 1000
011101 1011
011010 0010
011011 0111
011000 1101
011001 1000
000110 1010
000111 0011
000100 1100
000101 1010
000010 1001
000011 0101
000000 0000
000001 1100
001110 0011
001111 1111
001100 0110
001101 0001
001010 0101
001011 0000
001000 1011
001001 0110
110111 1011
110110 0111
110101 0101
110100 0010
110011 1101
110010 1011
110001 1000
110000 0101
111111 1110
111110 1101
111101 0011
111100 1110
111011 0010
111010 0100
111001 1111
111000 1000
100111 0001
100110 1100
100101 1100
100100 1001
100011 1010
100010 0110
100001 0110
100000 0011
101111 0100
101110 1010
101101 1001
101100 0000
101011 0111
101010 0001
101001 0000
101000 1111
010111 1101
010110 0010
010101 1011
010100 0001
010011 1000
010010 0101
010001 0010
010000 1110
011111 0011
011110 1000
011101 0100
011100 0111
011011 1110
011010 1011
011001 0001
011000 0100
000111 0110
000110 1111
000101 0000
000100 0110
000011 0101
000010 1001
000001 1100
000000 0000
001111 1111
001110 0011
001101 1010
001100 1101
001011 1001
001010 1100
001001 0111
001000 1010
111000 0100
111001 1000
111010 1010
111011 1101
111100 0010
111101 0100
111110 0111
111111 1010
110000 0001
110001 0010
110010 1100
110011 0001
110100 1101
110101 1011
110110 0000
110111 0111
101000 1110
101001 0011
101010 0011
101011 0110
101100 0101
101101 1001
101110 1001
101111 1100
100000 1011
100001 0101
100010 0110
100011 1111
100100 1000
100101 1110
100110 1111
100111 0000
011000 0010
011001 1101
011010 0100
011011 1110
011100 0111
011101 1010
011110 1101
011111 0001
010000 1100
010001 0111
010010 1011
010011 1000
010100 0001
010101 0100
010110 1110
010111 1011
001000 1001
001001 0000
001010 1111
001011 1001
001100 1010
001101 0110
001110 0011
001111 1111
000000 0000
000001 1100
000010 0101
000011 0010
000100 0110
000101 0011
000110 1000
000111 0101
111001 1000
111000 0100
111011 0110
111010 0001
111101 1110
111100 1000
111111 1011
111110 0110
110001 1101
110000 1110
110011 0000
110010 1101
110101 0001
110100 0111
110111 1100
110110 1011
101001 0010
101000 1111
101011 1111
101010 1010
101101 1001
101100 0101
101111 0101
101110 0000
100001 0111
100000 1001
100011 1010
100010 0011
100101 0100
100100 0010
100111 0011
100110 1100
011001 1110
011000 0001
011011 1000
011010 0010
011101 1011
011100 0110
011111 0001
011110 1101
010001 0000
010000 1011
010011 0111
010010 0100
010101 1101
010100 1000
010111 0010
010110 0111
001001 0101
001000 1100
001011 0011
001010 0101
001101 0110
001100 1010
001111 1111
001110 0011
000001 1100
000000 0000
000011 1001
000010 1110
000101 1010
000100 1111
000111 0100
000110 1001
111010 0001
111011 1101
111000 1111
111001 1000
111110 0111
111111 0001
111100 0010
111101 1111
110010 0100
110011 0111
110000 1001
110001 0100
110110 1000
110111 1110
110100 0101
110101 0010
101010 1011
101011 0110
101000 0110
101001 0011
101110 0000
101111 1100
101100 1100
101101 1001
100010 1110
100011 0000
100000 0011
100001 1010
100110 1101
100111 1011
100100 1010
100101 0101
011010 0111
011011 1000
011000 0001
011001 1011
011110 0010
011111 1111
011100 1000
011101 0100
010010 1001
010011 0010
010000 1110
010001 1101
010110 0100
010111 0001
010100 1011
010101 1110
001010 1100
001011 0101
001000 1010
001001 1100
001110 1111
001111 0011
001100 0110
001101 1010
000010 0101
000011 1001
000000 0000
000001 0111
000110 0011
000111 0110
000100 1101
000101 0000
111011 0110
111010 1010
111001 1000
111000 1111
111111 0000
111110 0110
111101 0101
111100 1000
110011 0011
110010 0000
110001 1110
110000 0011
110111 1111
110110 1001
110101 0010
110100 0101
101011 1100
101010 0001
101001 0001
101000 0100
101111 0111
101110 1011
101101 1011
101100 1110
100011 1001
100010 0111
100001 0100
100000 1101
100111 1010
100110 1100
100101 1101
100100 0010
011011 0000
011010 1111
011001 0110
011000 1100
011111 0101
011110 1000
011101 1111
011100 0011
010011 1110
010010 0101
010001 1001
010000 1010
010111 0011
010110 0110
010101 1100
010100 1001
001011 1011
001010 0010
001001 1101
001000 1011
001111 1000
001110 0100
001101 0001
001100 1101
000011 0010
000010 1110
000001 0111
000000 0000
000111 0100
000110 0001
000101 1010
000100 0111
111100 0010
111101 1110
111110 1100
111111 1011
111000 0100
111001 0010
111010 0001
111011 1100
110100 0111
110101 0100
110110 1010
110111 0111
110000 1011
110001 1101
110010 0110
110011 0001
101100 1000
101101 0101
101110 0101
101111 0000
101000 0011
101001 1111
101010 1111
101011 1010
100100 1101
100101 0011
100110 0000
100111 1001
100000 1110
100001 1000
100010 1001
100011 0110
011100 0100
011101 1011
011110 0010
011111 1000
011000 0001
011001 1100
011010 1011
011011 0111
010100 1010
010101 0001
010110 1101
010111 1110
010000 0111
010001 0010
010010 1000
010011 1101
001100 1111
001101 0110
001110 1001
001111 1111
001000 1100
001001 0000
001010 0101
001011 1001
000100 0110
000101 1010
000110 0011
000111 0100
000000 0000
000001 0101
000010 1110
000011 0011
111101 0111
111100 1011
111111 1001
111110 1110
111001 0001
111000 0111
111011 0100
111010 1001
110101 0010
110100 0001
110111 1111
110110 0010
110001 1110
110000 1000
110011 0011
110010 0100
101101 1101
101100 0000
101111 0000
101110 0101
101001 0110
101000 1010
101011 1010
101010 1111
100101 1000
100100 0110
100111 0101
100110 1100
100001 1011
100000 1101
100011 1100
100010 0011
011101 0001
011100 1110
011111 0111
011110 1101
011001 0100
011000 1001
011011 1110
011010 0010
010101 1111
010100 0100
010111 1000
010110 1011
010001 0010
010000 0111
010011 1101
010010 1000
001101 1010
001100 0011
001111 1100
001110 1010
001001 1001
001000 0101
001011 0000
001010 1100
000101 0011
000100 1111
000111 0110
000110 0001
000001 0101
000000 0000
000011 1011
000010 0110
111110 1100
111111 0000
111100 0010
111101 0101
111010 1010
111011 1100
111000 1111
111001 0010
110110 1001
110111 1010
110100 0100
110101 1001
110010 0101
110011 0011
110000 1000
110001 1111
101110 0110
101111 1011
101100 1011
101101 1110
101010 1101
101011 0001
101000 0001
101001 0100
100110 0011
100111 1101
100100 1110
100101 0111
100010 0000
100011 0110
100000 0111
100001 1000
011110 1010
011111 0101
011100 1100
011101 0110
011010 1111
011011 0010
011000 0101
011001 1001
010110 0100
010111 1111
010100 0011
010101 0000
010010 1001
010011 1100
010000 0110
010001 0011
001110 0001
001111 1000
001100 0111
001101 0001
001010 0010
001011 1110
001000 1011
001001 0111
000110 1000
000111 0100
000100 1101
000101 1010
000010 1110
000011 1011
000000 0000
000001 1101
111111 0001
111110 1101
111101 1111
111100 1000
111011 0111
111010 0001
111001 0010
111000 1111
110111 0100
110110 0111
110101 1001
110100 0100
110011 1000
110010 1110
110001 0101
110000 0010
101111 1011
101110 0110
101101 0110
101100 0011
101011 0000
101010 1100
101001 1100
101000 1001
100111 1110
100110 0000
100101 0011
100100 1010
100011 1101
100010 1011
100001 1010
100000 0101
011111 0111
011110 1000
011101 0001
011100 1011
011011 0010
011010 1111
011001 1000
011000 0100
010111 1001
010110 0010
010101 1110
010100 1101
010011 0100
010010 0001
010001 1011
010000 1110
001111 1100
001110 0101
001101 1010
001100 1100
001011 1111
001010 0011
001001 0110
001000 1010
000111 0101
000110 1001
000101 0000
000100 0111
000011 0011
000010 0110
000001 1101
000000 0000
